name, class, prec, recall, acc, k
1 0 0.0 0.0 0.5425 10
1 1 0.0 0.0 0.5425 10
1 2 0.0 0.0 0.5425 10
1 3 0.0 0.0 0.5425 10
acurácia geral: 0.26

1 0 1.0 0.9821428571428571 0.995 100
1 1 1.0 0.9821428571428571 0.995 100
1 2 1.0 0.9821428571428571 0.995 100
1 3 1.0 0.9821428571428571 0.995 100
acurácia geral: 0.995

1 0 1.0 1.0 1.0 1000
1 1 1.0 1.0 1.0 1000
1 2 1.0 1.0 1.0 1000
1 3 1.0 1.0 1.0 1000
acurácia geral: 1.0

1 0 1.0 1.0 1.0 10000
1 1 1.0 1.0 1.0 10000
1 2 1.0 1.0 1.0 10000
1 3 1.0 1.0 1.0 10000
acurácia geral: 1.0

2 0 0.0 0.0 0.857 10
2 1 0.0 0.0 0.857 10
2 2 0.0 0.0 0.857 10
2 3 0.0 0.0 0.857 10
2 4 0.0 0.0 0.857 10
2 5 0.0 0.0 0.857 10
2 6 0.0 0.0 0.857 10
2 7 0.0 0.0 0.857 10
2 8 0.0 0.0 0.857 10
2 9 0.0 0.0 0.857 10
acurácia geral: 0.105

2 0 0.6891891891891891 0.4358974358974359 0.911 100
2 1 0.6891891891891891 0.4358974358974359 0.911 100
2 2 0.6891891891891891 0.4358974358974359 0.911 100
2 3 0.6891891891891891 0.4358974358974359 0.911 100
2 4 0.6891891891891891 0.4358974358974359 0.911 100
2 5 0.6891891891891891 0.4358974358974359 0.911 100
2 6 0.6891891891891891 0.4358974358974359 0.911 100
2 7 0.6891891891891891 0.4358974358974359 0.911 100
2 8 0.6891891891891891 0.4358974358974359 0.911 100
2 9 0.6891891891891891 0.4358974358974359 0.911 100
acurácia geral: 0.313

2 0 0.7938931297709924 0.8888888888888888 0.96 1000
2 1 0.7938931297709924 0.8888888888888888 0.96 1000
2 2 0.7938931297709924 0.8888888888888888 0.96 1000
2 3 0.7938931297709924 0.8888888888888888 0.96 1000
2 4 0.7938931297709924 0.8888888888888888 0.96 1000
2 5 0.7938931297709924 0.8888888888888888 0.96 1000
2 6 0.7938931297709924 0.8888888888888888 0.96 1000
2 7 0.7938931297709924 0.8888888888888888 0.96 1000
2 8 0.7938931297709924 0.8888888888888888 0.96 1000
2 9 0.7938931297709924 0.8888888888888888 0.96 1000
acurácia geral: 0.815

2 0 0.9142857142857143 0.8205128205128205 0.97 10000
2 1 0.9142857142857143 0.8205128205128205 0.97 10000
2 2 0.9142857142857143 0.8205128205128205 0.97 10000
2 3 0.9142857142857143 0.8205128205128205 0.97 10000
2 4 0.9142857142857143 0.8205128205128205 0.97 10000
2 5 0.9142857142857143 0.8205128205128205 0.97 10000
2 6 0.9142857142857143 0.8205128205128205 0.97 10000
2 7 0.9142857142857143 0.8205128205128205 0.97 10000
2 8 0.9142857142857143 0.8205128205128205 0.97 10000
2 9 0.9142857142857143 0.8205128205128205 0.97 10000
acurácia geral: 0.916

